pi
100*pi

ans =

  314.1593

format hex
100*pi

ans =

   4073a28c59d5433b

format short
100*pi

ans =

  314.1593

format long
100*pi

ans =

    3.141592653589793e+002

format int
{??? Error using ==> format
Unknown command option.
} 
format rat
100*pi

ans =

   13823/44    

2^2

ans =

       4       

(1+2^4)/((1/(2+3^(1/2)))-3)

ans =

   -3273/526   

format short
(1+2^4)/((1/(2+3^(1/2)))-3)

ans =

   -6.2224

(1+(1/2345))^2345

ans =

    2.7177

e
{??? Undefined function or variable 'e'.
} 
exp(2345)

ans =

   Inf

exp()
{??? Error using ==> exp
Not enough input arguments.
} 
(1/23456)^23456

ans =

     0

e(10)
{??? Undefined function or method 'e' for input arguments of type 'double'.
} 
exp(10)

ans =

  2.2026e+004

exp(1)

ans =

    2.7183

(1+1/23456)^23456

ans =

    2.7182

uiopen('D:\patryk_wojciekian\ProgUzytkowe\MatLab\matlab.txt',1)
uiopen('D:\patryk_wojciekian\ProgUzytkowe\MatLab\matlab.txt',1)
helpview([docroot '/techdoc/env_csh/env_csh.map'], 'shortcut_on_toolbar', 'CSHelpWindow');
(sqrt(2)-2^(1/4))/(2^(1/5)-2^(1/6))

ans =

    8.5761

2^(3^((1/3)*pi))

ans =

    8.9362

format rat
pi=pi

pi =

     355/113   

e=exp(1)

e =

    1457/536   

format short
format rat
((23/25)-(23/29))/(1.4-(3/(17-27/28)))

ans =

     523/4999  

diary('on')
test
{??? Undefined function or variable 'test'.
} 
(0.5-(7.1-(12/17))/(17-(27/(2+(3/7)))))

ans =

    -587/1000  

(log10(5+sin(8)^2))^(1/6)+atan(5*pi)

ans =

    1630/661   

r=6.32

r =

     158/25    

P=pi*r^2

P =

    3639/29    

Ob=2*pi*r

Ob =

   23667/596   

format short
Ob=2*pi*r

Ob =

   39.7097

V=(4/3)*pi*r^3

V =

  1.0574e+003

format long
V=(4/3)*pi*r^3

V =

    1.057401310094171e+003

format short
format rat
V=(4/3)*pi*r^3

V =

  160725/152   

format short
Pp=4*pi*r^2

Pp =

  501.9310

r=7.33

r =

    7.3300

R=22.54

R =

   22.5400

Storus=4*pi^2*r*R

Storus =

  6.5226e+003

Vtorus=2*pi^2*R*r^2

Vtorus =

  2.3905e+004

sin(pi/2)

ans =

     1

cos(60)

ans =

   -0.9524

cos(pi/3)

ans =

    0.5000

sin(pi*(78/180))

ans =

    0.9781

tan(pi/9)

ans =

    0.3640

ln(2.718)
{??? Undefined function or method 'ln' for input arguments of type 'double'.
} 
log(1)

ans =

     0

log(2)

ans =

    0.6931

log(3)

ans =

    1.0986

log10(3)

ans =

    0.4771

log(2.718)

ans =

    0.9999

log10(10)

ans =

     1

tg(pi*(89/180))
{??? Undefined function or method 'tg' for input arguments of type 'double'.
} 
tan(pi*(89/180))

ans =

   57.2900

asin(0.5)

ans =

    0.5236

atan(100000)

ans =

    1.5708

atan(100000*(pi/180))

ans =

    1.5702

exp(exp(1))

ans =

   15.1543

log(-4)

ans =

   1.3863 + 3.1416i

sqrt(-16)

ans =

        0 + 4.0000i

asin(2)

ans =

   1.5708 - 1.3170i

acos(-10)

ans =

   3.1416 - 2.9932i

exp(2*pi*i)

ans =

   1.0000 - 0.0000i

sin(3+4i)

ans =

   3.8537 -27.0168i

sinh(4)

ans =

   27.2899

x=(pi/6)

x =

    0.5236

sin(x)

ans =

    0.5000

cos(x)

ans =

    0.8660

tan(x)

ans =

    0.5774

ctan(x)
{??? Undefined function or method 'ctan' for input arguments of type 'double'.
} 
1/tan(x)

ans =

    1.7321

asin(x)

ans =

    0.5511

exp(x)

ans =

    1.6881

sin(x)/cos(x)

ans =

    0.5774

sin((5/180)*pi)^2+cos((5/180)*pi)^2

ans =

     1

x1=a
{??? Undefined function or variable 'a'.
} 
a=1

a =

     1

delta=b^2-4*a*c
{??? Undefined function or variable 'b'.
} 
exp(1)

ans =

    2.7183

exp(1)

ans =

    2.7183

a=3

a =

     3

b=-2

b =

    -2

c=-1

c =

    -1

delta=b^2-4*a*c

delta =

    16

x1=sqrt((delta)-b)/(2*a)

x1 =

    0.7071

x2=-sqrt((delta)-b)/(2*a)

x2 =

   -0.7071

x1=(sqrt(delta)-b)/(2*a)

x1 =

     1

x2=(-sqrt(delta)-b)/(2*a)

x2 =

   -0.3333

a=-5

a =

    -5

b=-6

b =

    -6

c=5

c =

     5

delta=b^2-4*a*c

delta =

   136

x1=(sqrt(delta)-b)/(2*a)

x1 =

   -1.7662

x2=(-sqrt(delta)-b)/(2*a)

x2 =

    0.5662

a=1

a =

     1

b=-4

b =

    -4

c=5

c =

     5

delta=b^2-4*a*c

delta =

    -4

x1=(sqrt(delta)-b)/(2*a)

x1 =

   2.0000 + 1.0000i

x2=(-sqrt(delta)-b)/(2*a)

x2 =

   2.0000 - 1.0000i

a=121

a =

   121

b=211

b =

   211

c=-41

c =

   -41

delta=b^2-4*a*c

delta =

       64365

x1=(sqrt(delta)-b)/(2*a)

x1 =

    0.1765

x2=(-sqrt(delta)-b)/(2*a)

x2 =

   -1.9203

a=7

a =

     7

b=8

b =

     8

c=73

c =

    73

delta=b^2-4*a*c

delta =

       -1980

x1=(sqrt(delta)-b)/(2*a)

x1 =

  -0.5714 + 3.1784i

x2=(-sqrt(delta)-b)/(2*a)

x2 =

  -0.5714 - 3.1784i

1:1:10

ans =

     1     2     3     4     5     6     7     8     9    10

1:1:100

ans =

  Columns 1 through 16

     1     2     3     4     5     6     7     8     9    10    11    12    13    14    15    16

  Columns 17 through 32

    17    18    19    20    21    22    23    24    25    26    27    28    29    30    31    32

  Columns 33 through 48

    33    34    35    36    37    38    39    40    41    42    43    44    45    46    47    48

  Columns 49 through 64

    49    50    51    52    53    54    55    56    57    58    59    60    61    62    63    64

  Columns 65 through 80

    65    66    67    68    69    70    71    72    73    74    75    76    77    78    79    80

  Columns 81 through 96

    81    82    83    84    85    86    87    88    89    90    91    92    93    94    95    96

  Columns 97 through 100

    97    98    99   100

1:1:100;
11:11:1000

ans =

  Columns 1 through 16

    11    22    33    44    55    66    77    88    99   110   121   132   143   154   165   176

  Columns 17 through 32

   187   198   209   220   231   242   253   264   275   286   297   308   319   330   341   352

  Columns 33 through 48

   363   374   385   396   407   418   429   440   451   462   473   484   495   506   517   528

  Columns 49 through 64

   539   550   561   572   583   594   605   616   627   638   649   660   671   682   693   704

  Columns 65 through 80

   715   726   737   748   759   770   781   792   803   814   825   836   847   858   869   880

  Columns 81 through 90

   891   902   913   924   935   946   957   968   979   990

linspace(1,2,70)

ans =

  Columns 1 through 9

    1.0000    1.0145    1.0290    1.0435    1.0580    1.0725    1.0870    1.1014    1.1159

  Columns 10 through 18

    1.1304    1.1449    1.1594    1.1739    1.1884    1.2029    1.2174    1.2319    1.2464

  Columns 19 through 27

    1.2609    1.2754    1.2899    1.3043    1.3188    1.3333    1.3478    1.3623    1.3768

  Columns 28 through 36

    1.3913    1.4058    1.4203    1.4348    1.4493    1.4638    1.4783    1.4928    1.5072

  Columns 37 through 45

    1.5217    1.5362    1.5507    1.5652    1.5797    1.5942    1.6087    1.6232    1.6377

  Columns 46 through 54

    1.6522    1.6667    1.6812    1.6957    1.7101    1.7246    1.7391    1.7536    1.7681

  Columns 55 through 63

    1.7826    1.7971    1.8116    1.8261    1.8406    1.8551    1.8696    1.8841    1.8986

  Columns 64 through 70

    1.9130    1.9275    1.9420    1.9565    1.9710    1.9855    2.0000

a=[1 2 3]

a =

     1     2     3

b=[4 5 6]

b =

     4     5     6

a

a =

     1     2     3

a.+a'
??? a.+a'
      |
{Error: Unexpected MATLAB operator.
} 
a'

ans =

     1
     2
     3

a+b'
{??? Error using ==> plus
Matrix dimensions must agree.
} 
a.+b'
??? a.+b'
      |
{Error: Unexpected MATLAB operator.
} 
a.*b

ans =

     4    10    18

a.*b'
{??? Error using ==> times
Matrix dimensions must agree.
} 
a'.*b
{??? Error using ==> times
Matrix dimensions must agree.
} 
a'.*b'

ans =

     4
    10
    18

sin=(pi/180):(pi/180):(pi/2)

sin =

  Columns 1 through 9

    0.0175    0.0349    0.0524    0.0698    0.0873    0.1047    0.1222    0.1396    0.1571

  Columns 10 through 18

    0.1745    0.1920    0.2094    0.2269    0.2443    0.2618    0.2793    0.2967    0.3142

  Columns 19 through 27

    0.3316    0.3491    0.3665    0.3840    0.4014    0.4189    0.4363    0.4538    0.4712

